77
250
422
470
489
503
497
531
490
385
393
499
612
649
617
594
548
398
189
102
34
-60
-161
-236
-386
-630
-752
-811
-765
-608
-456
-290
-106
111
291
389
429
497
657
884
1021
1091
1114
1178
1289
1289
1250
1137
1032
929
900
878
849
845
741
582
499
508
539
629
607
529
350
124
-142
-424
-651
-760
-949
-1176
-1332
-1535
-1626
-1672
-1730
-1830
-1950
-2140
-2288
-2342
-2267
-2249
-2224
-2199
-2163
-2086
-1963
-1861
-1860
-1895
-1985
-1992
-2023
-1983
-1891
-1774
-1632
-1483
-1394
-1244
-1009
-804
-574
-297
10
224
388
574
660
793
815
874
832
767
682
493
301
170
52
-121
-201
-276
-292
-352
-478
-597
-808
-1080
-1229
-1369
-1373
-1334
-1379
-1317
-1255
-1079
-909
-797
-697
-687
-705
-593
-480
-361
-215
-91
-68
-56
-96
-180
-314
-363
-436
-577
-709
-881
-1132
-1386
-1517
-1641
-1630
-1683
-1742
-1741
-1679
-1499
-1267
-1093
-1013
-943
-845
-648
-357
-206
-106
-85
-155
-205
-299
-383
-559
-760
-854
-1010
-1147
-1316
-1433
-1535
-1555
-1659
-1674
-1608
-1563
-1447
-1354
-1230
-1143
-1043
-989
-971
-849
-779
-639
-453
-381
-396
-317
-291
-221
-162
-164
-60
131
409
640
929
1233
1390
1508
1657
1869
2065
2100
2014
1996
1978
1853
1700
1543
1340
1060
796
595
407
185
-27
-274
-517
-809
-1134
-1399
-1553
-1564
-1449
-1387
-1335
-1232
-1070
-900
-824
-724
-670
-682
-665
-610
-577
-519
-494
-455
-428
-479
-533
-668
-733
-782
-720
-757
-798
-877
-973
-988
-1013
-1016
-1103
-1066
-921
-690
-476
-247
-138
15
249
425
532
605
664
655
745
751
712
629
598
648
728
858
986
1037
1103
1231
1428
1654
1745
1729
1619
1442
1263
1006
796
595
330
118
-97
-331
-460
-513
-478
-445
-504
-496
-566
-672
-643
-705
-667
-669
-546
-448
-421
-381
-295
-218
-125
-109
-170
-192
-234
-184
-184
-175
-227
-386
-542
-738
-821
-886
-933
-883
-943
-947
-974
-1083
-1190
-1295
-1392
-1466
-1601
-1683
-1750
-1731
-1730
-1654
-1562
-1421
-1180
-904
-561
-162
156
484
737
1011
1297
1532
1672
1828
1848
1822
1874
1809
1634
1395
1225
1122
1098
968
751
571
513
415
218
-62
-254
-488
-607
-734
-865
-978
-981
-997
-919
-866
-879
-896
-816
-739
-574
-348
-69
198
363
602
750
779
736
640
528
497
367
147
46
22
-105
-276
-359
-441
-590
-652
-678
-718
-645
-661
-653
-670
-752
-840
-968
-1078
-1191
-1306
-1282
-1272
-1206
-1115
-938
-683
-544
-316
-190
-40
55
156
254
251
268
171
121
24
-35
-177
-226
-255
-229
-311
-438
-618
-714
-857
-997
-1097
-1243
-1453
-1545
-1575
-1575
-1634
-1614
-1466
-1266
-1080
-784
-458
-126
161
338
532
791
1125
1485
1814
2175
2501
2847
3132
3430
3550
3543
3433
3188
3012
2826
2583
2244
1831
1504
1122
850
686
438
203
-18
-189
-225
-317
-437
-517
-570
-699
-793
-868
-799
-643
-588
-581
-603
-608
-649
-649
-711
-680
-593
-480
-325
-136
139
469
681
938
1190
1427
1723
1910
2007
2153
2238
2280
2281
2349
2299
2296
2368
2459
2594
2665
2658
2678
2743
2872
3036
3217
3448
3540
3560
3614
3511
3446
3329
3224
3122
3013
2960
2862
2719
2529
2378
2139
1822
1570
1432
1203
1041
948
888
780
655
506
287
115
-109
-367
-556
-798
-1004
-1130
-1290
-1480
-1529
-1499
-1532
-1445
-1352
-1236
-1146
-1063
-990
-893
-804
-610
-498
-478
-358
-204
-31
151
252
426
538
695
746
847
822
885
882
806
719
583
474
361
224
9
-186
-406
-537
-546
-446
-239
-67
45
57
24
99
220
417
551
772
1021
1282
1608
1961
2155
2399
2695
2892
3116
3239
3284
3241
3199
3042
2928
2910
2883
2779
2757
2652
2441
2207
1881
1606
1325
1054
893
817
827
864
957
1046
1074
1190
1373
1572
1819
2031
2271
2533
2727
2912
3104
3201
3347
3449
3600
3630
3734
3829
3880
3796
3752
3778
3743
3653
3640
3575
3510
3328
3218
3150
3128
3099
3027
2838
2551
2286
2028
1725
1503
1250
1018
792
507
245
8
-188
-350
-406
-443
-453
-465
-530
-593
-725
-848
-861
-788
-735
-778
-781
-780
-685
-673
-553
-401
-338
-250
-73
195
384
496
513
442
337
242
197
197
148
-13
-213
-316
-499
-758
-927
-1135
-1263
-1359
-1345
-1276
-1221
-1140
-1087
-969
-877
-700
-546
-505
-502
-522
-448
-375
-271
-221
-91
114
280
471
722
1048
1359
1590
1863
2003
2105
2168
2146
2041
1936
1813
1760
1651
1547
1426
1408
1321
1340
1250
1123
1010
783
567
447
414
412
413
332
282
165
84
-71
-124
-251
-342
-364
-298
-297
-357
-467
-582
-683
-745
-688
-722
-774
-695
-683
-693
-792
-781
-678
-574
-373
-98
246
556
726
789
797
701
635
652
704
748
880
947
943
980
965
1045
1059
1151
1210
1269
1329
1332
1386
1411
1348
1159
883
666
386
240
191
175
77
-10
-186
-298
-328
-436
-479
-400
-353
-319
-255
-290
-286
-269
-238
-317
-432
-584
-782
-901
-1103
-1375
-1623
-1776
-1878
-1937
-1917
-1858
-1865
-1874
-1784
-1627
-1574
-1604
-1568
-1455
-1438
-1356
-1378
-1316
-1330
-1385
-1509
-1563
-1620
-1548
-1499
-1346
-1170
-978
-839
-799
-818
-816
-719
-734
-772
-721
-760
-708
-740
-853
-953
-1142
-1361
-1575
-1705
-1722
-1660
-1544
-1396
-1355
-1268
-1220
-1105
-919
-779
-693
-553
-410
-167
136
397
687
935
1210
1510
1745
2038
2330
2525
2739
2909
3004
3129
3307
3426
3534
3641
3602
3490
3264
3075
2864
2593
2226
1796
1355
968
553
255
-47
-358
-730
-1110
-1328
-1465
-1495
-1590
-1682
-1764
-1859
-1933
-1880
-1894
-1975
-2119
-2136
-2011
-1800
-1530
-1287
-1012
-754
-615
-396
-200
-71
-53
-76
-112
-58
-11
-47
-84
-122
-231
-238
-195
-207
-172
-183
-212
-304
-512
-821
-1126
-1310
-1533
-1687
-1888
-1959
-2094
-2248
-2416
-2601
-2835
-3098
-3327
-3388
-3466
-3419
-3305
-3188
-3140
-3081
-2951
-2764
-2462
-2054
-1750
-1467
-1119
-764
-508
-381
-361
-237
-183
-70
14
54
182
177
226
347
479
628
684
675
590
474
402
345
250
115
-109
-340
-467
-585
-650
-652
-559
-420
-345
-271
-161
-120
-82
-23
-55
-104
-57
-115
-258
-338
-422
-378
-370
-307
-253
-146
7
138
323
436
452
552
668
670
649
528
408
245
38
-221
-413
-511
-582
-701
-711
-766
-701
-584
-564
-462
-375
-231
-172
-64
-48
59
124
248
297
255
108
28
-19
-64
-109
-42
-9
-29
-130
-179
-290
-359
-379
-451
-618
-757
-966
-1214
-1310
-1487
-1522
-1610
-1694
-1722
-1723
-1679
-1524
-1425
-1311
-1256
-1239
-1233
-1124
-991
-839
-673
-452
-322
-212
-24
167
312
339
445
481
539
525
475
359
325
253
171
174
278
262
314
291
323
406
455
405
325
281
249
268
291
248
154
-31
-206
-406
-588
-749
-890
-1058
-1170
-1218
-1314
-1400
-1419
-1347
-1344
-1270
-1164
-940
-622
-303
44
455
859
1192
1508
1722
1844
1984
2061
2173
2268
2220
2111
1916
1711
1594
1505
1507
1566
1658
1622
1544
1513
1525
1599
1567
1431
1262
1114
882
699
460
299
204
171
218
205
208
168
50
-36
-163
-197
-138
-31
46
221
281
253
253
364
467
594
799
1078
1243
1435
1593
1719
1838
1811
1837
1743
1588
1323
959
674
504
250
-73
-416
-722
-891
-1039
-1129
-1103
-1023
-935
-885
-872
-799
-709
-736
-762
-879
-875
-879
-900
-884
-769
-607
-489
-323
-166
-86
23
146
289
477
620
682
738
690
687
672
658
603
556
445
373
350
418
536
666
757
770
677
690
651
652
707
831
962
1164
1266
1393
1391
1263
1203
1027
752
469
178
-91
-375
-577
-657
-770
-879
-928
-1045
-1169
-1248
-1378
-1475
-1482
-1451
-1403
-1309
-1092
-926
-806
-782
-834
-962
-1170
-1285
-1274
-1200
-1011
-735
-566
-384
-133
192
389
662
974
1189
1397
1444
1512
1593
1627
1689
1704
1714
1674
1707
1692
1602
1420
1310
1259
1298
1403
1513
1524
1432
1394
1450
1519
1471
1460
1333
1205
1112
1003
917
920
1012
1008
1096
1276
1401
1537
1618
1672
1705
1619
1624
1707
1673
1740
1712
1733
1752
1710
1681
1746
1716
1701
1780
1775
1807
1885
1833
1819
1815
1696
1621
1595
1544
1430
1326
1148
1041
1042
1028
1036
1123
1277
1296
1294
1216
1199
1133
1136
1139
1165
1283
1444
1515
1549
1668
1661
1527
1391
1313
1303
1248
1243
1198
1234
1195
1194
1241
1292
1352
1278
1273
1168
1043
966
885
698
616
478
321
279
291
192
192
257
393
572
622
565
449
325
171
78
44
-81
-120
-209
-328
-340
-394
-348
-335
-266
-179
-100
-15
154
343
499
737
934
1096
1203
1167
1090
919
720
520
295
145
63
-55
-212
-457
-627
-671
-649
-626
-690
-765
-800
-864
-997
-1158
-1278
-1331
-1331
-1350
-1423
-1462
-1457
-1359
-1171
-1022
-831
-678
-607
-560
-611
-627
-635
-584
-632
-744
-901
-971
-920
-789
-715
-621
-585
-442
-372
-254
-103
103
194
229
214
210
195
250
372
549
598
523
365
157
-110
-351
-481
-671
-893
-1000
-1119
-1177
-1296
-1326
-1237
-1094
-927
-842
-833
-911
-923
-959
-1084
-1092
-1090
-989
-985
-958
-902
-745
-579
-335
-178
-146
-105
-142
-278
-352
-322
-381
-398
-499
-616
-768
-807
-826
-916
-890
-826
-776
-835
-828
-775
-629
-405
-174
129
503
929
1247
1529
1660
1853
1887
1831
1789
1733
1764
1760
1838
1804
1754
1789
1880
2016
2068
2040
1961
1933
1781
1643
1448
1231
1051
958
768
540
257
111
80
-13
-92
-138
-245
-283
-201
-56
130
297
456
695
964
1161
1309
1432
1575
1796
2014
2272
2512
2681
2820
2912
2930
2924
2791
2612
2472
2328
2123
1990
1835
1725
1666
1541
1451
1256
1164
965
654
305
-94
-522
-918
-1197
-1484
-1774
-2032
-2193
-2281
-2338
-2342
-2282
-2126
-2030
-1944
-1770
-1599
-1493
-1375
-1218
-1013
-878
-822
-811
-895
-991
-1015
-1113
-1165
-1275
-1431
-1551
-1558
-1492
-1402
-1246
-1209
-1124
-973
-935
-980
-1003
-996
-926
-813
-712
-660
-665
-689
-789
-789
-762
-833
-815
-771
-789
-915
-994
-1079
-1196
-1203
-1292
-1308
-1407
-1462
-1433
-1401
-1344
-1365
-1448
-1476
-1513
-1626
-1627
-1626
-1632
-1564
-1561
-1511
-1539
-1572
-1693
-1873
-2120
-2402
-2684
-2919
-3032
-3111
-3249
-3366
-3347
-3230
-3047
-2798
-2565
-2293
-2091
-1964
-1780
-1655
-1444
-1172
-886
-629
-370
-105
169
300
423
553
666
684
680
670
739
842
829
808
809
721
564
369
205
42
-117
-169
-169
-121
-138
-230
-242
-195
-206
-208
-155
6
169
251
220
184
138
121
108
7
-172
-271
-337
-494
-722
-877
-985
-1165
-1243
-1373
-1405
-1450
-1480
-1570
-1706
-1919
-2026
-2007
-2026
-1991
-1963
-1947
-1909
-1784
-1618
-1557
-1527
-1585
-1636
-1656
-1751
-1882
-2016
-2216
-2387
-2463
-2542
-2655
-2743
-2879
-2992
-3117
-3253
-3337
-3438
-3391
-3399
-3419
-3478
-3580
-3586
-3576
-3465
-3336
-3089
-2929
-2815
-2658
-2536
-2444
-2248
-1975
-1668
-1450
-1179
-1021
-936
-778
-600
-426
-246
-88
71
212
415
565
794
921
978
994
1044
1043
970
782
614
507
406
389
477
485
432
341
260
78
-142
-269
-427
-484
-427
-350
-239
-144
-34
168
431
724
921
1063
1284
1456
1518
1657
1706
1831
2020
2116
2142
2141
2076
1889
1744
1589
1409
1220
1058
973
945
923
846
771
576
391
103
-166
-317
-493
-552
-692
-829
-1006
-1120
-1192
-1248
-1194
-1083
-886
-759
-634
-436
-160
51
255
483
746
933
994
992
951
803
636
570
553
475
307
175
-57
-228
-469
-646
-909
-1034
-1134
-1111
-998
-792
-531
-255
-29
136
354
454
463
486
406
308
217
75
16
76
155
272
276
199
167
82
23
-111
-230
-275
-349
-338
-376
-496
-519
-567
-616
-683
-790
-826
-881
-947
-922
-907
-887
-905
-926
-855
-780
-715
-738
-643
-568
-531
-392
-165
-6
200
465
650
733
706
759
686
675
665
615
648
637
541
454
313
193
139
14
-22
-22
-72
-81
-177
-235
-311
-359
-413
-552
-692
-739
-860
-907
-943
-950
-1002
-1093
-1202
-1250
-1193
-1151
-1055
-908
-665
-497
-399
-264
-42
207
347
475
629
765
877
897
808
627
361
204
15
-65
-75
7
25
76
41
-33
-145
-278
-427
-508
-471
-366
-355
-317
-313
-351
-377
-465
-435
-286
-185
-19
73
242
369
502
571
517
547
507
543
517
401
339
192
38
-171
-335
-508
-689
-893
-1110
-1286
-1389
-1372
-1425
-1555
-1707
-1869
-1882
-1910
-1952
-1998
-2053
-2002
-1933
-1917
-1875
-1783
-1749
-1779
-1801
-1882
-1836
-1834
-1875
-1953
-2020
-2085
-2207
-2371
-2602
-2705
-2785
-2913
-3083
-3248
-3268
-3290
-3210
-3155
-3083
-2889
-2574
-2198
-1880
-1615
-1379
-1193
-912
-558
-138
307
754
1153
1604
2002
2440
2710
2953
3191
3385
3496
3508
3554
3463
3336
3220
3142
3142
3028
2872
2592
2334
2055
1701
1440
1149
997
961
912
953
946
903
804
653
448
348
223
66
49
162
254
389
539
578
544
464
502
504
576
664
662
743
818
834
767
787
704
611
575
497
466
451
462
441
493
510
461
381
260
87
6
-44
-40
1
135
151
201
271
396
487
573
620
611
558
448
343
163
88
0
24
-7
-22
-108
-293
-492
-591
-747
-835
-825
-756
-719
-770
-720
-579
-491
-490
-579
-637
-755
-925
-961
-873
-702
-542
-398
-306
-190
-89
-65
-70
-55
-33
39
5
-31
-38
-116
-91
37
57
172
196
305
509
739
861
1043
1213
1247
1160
1088
1004
966
1000
1119
1170
1144
1164
1272
1470
1634
1653
1716
1774
1702
1641
1540
1503
1440
1357
1375
1373
1459
1501
1478
1500
1565
1538
1496
1417
1347
1351
1239
1147
992
854
732
641
535
431
285
185
84
72
30
-69
-91
-135
-75
-12
69
202
220
252
319
291
284
299
242
154
18
-33
-64
-134
-132
-71
23
101
126
91
-50
-227
-427
-635
-733
-797
-776
-665
-607
-573
-520
-556
-487
-322
-104
90
204
242
265
369
501
524
444
295
256
202
174
214
187
129
-1
-133
-248
-253
-156
-73
-102
-73
-20
8
2
-62
-73
-117
-234
-301
-416
-498
-601
-719
-796
-919
-1050
-1224
-1336
-1310
-1374
-1515
-1527
-1545
-1646
-1730
-1790
-1828
-1816
-1846
-1903
-2006
-2077
-2076
-2039
-2075
-2188
-2173
-2146
-2023
-1884
-1808
-1649
-1484
-1235
-1085
-926
-765
-516
-207
170
528
806
1051
1350
1683
1942
2260
2537
2763
2826
2806
2645
2514
2445
2249
2091
2013
1829
1672
1456
1200
878
501
237
89
-144
-299
-355
-498
-681
-771
-848
-874
-855
-723
-669
-595
-593
-584
-514
-397
-318
-153
-73
-96
-65
25
193
394
673
960
1291
1578
1770
1844
1936
2002
2111
2204
2215
2119
1970
1857
1816
1649
1479
1197
872
564
215
-32
-169
-281
-368
-536
-662
-848
-1019
-1198
-1285
-1429
-1549
-1674
-1681
-1647
-1641
-1658
-1727
-1787
-1846
-1976
-2077
-2107
-2145
-2089
-1996
-1969
-1973
-1852
-1640
-1470
-1346
-1278
-1196
-1083
-976
-845
-783
-637
-516
-447
-378
-270
-244
-190
-177
-109
23
242
457
549
695
718
638
456
275
204
131
28
-2
-37
47
179
354
604
715
834
865
950
950
892
727
631
638
727
765
823
961
1053
1083
1056
979
965
1017
1109
1284
1412
1579
1766
2014
2173
2335
2354
2236
2215
2176
2180
2137
2150
2039
1885
1706
1468
1168
899
665
412
102
-280
-645
-992
-1337
-1572
-1687
-1679
-1596
-1421
-1317
-1313
-1254
-1277
-1185
-1104
-1068
-1040
-1053
-1135
-1248
-1293
-1203
-1103
-1047
-920
-725
-650
-539
-379
-306
-272
-146
-62
-62
-42
-42
-111
-250
-312
-403
-455
-557
-733
-892
-1102
-1360
-1578
-1772
-1998
-2185
-2373
-2605
-2676
-2608
-2535
-2386
-2149
-2011
-1844
-1605
-1446
-1248
-961
-637
-270
85
406
757
1010
1172
1227
1364
1549
1765
1913
2132
2407
2577
2720
2762
2810
2755
2692
2561
2302
1951
1501
1022
493
93
-235
-495
-738
-1036
-1372
-1695
-1929
-2066
-2233
-2248
-2175
-1981
-1667
-1407
-1149
-823
-525
-199
130
362
689
1009
1306
1597
1922
2098
2186
2215
2265
2368
2394
2497
2597
2760
2871
2864
2878
2781
2570
2255
1855
1442
984
462
-67
-523
-847
-1076
-1259
-1286
-1349
-1376
-1460
-1469
-1379
-1295
-1239
-1055
-812
-572
-264
106
424
631
919
1134
1256
1262
1367
1402
1513
1634
1636
1687
1784
1867
1961
1934
1925
1823
1670
1421
1256
1122
884
687
404
103
-166
-386
-554
-791
-939
-1025
-1151
-1285
-1451
-1678
-1943
-2153
-2404
-2588
-2688
-2671
-2664
-2539
-2324
-2095
-1939
-1664
-1394
-1175
-904
-676
-507
-325
-141
-1
10
-15
30
131
175
259
326
326
323
295
262
140
-50
-265
-497
-803
-1160
-1457
-1694
-1888
-2045
-2086
-2108
-2151
-2111
-2120
-2105
-2155
-2133
-2003
-1772
-1635
-1391
-1054
-765
-569
-407
-271
-71
75
273
408
543
627
717
696
770
928
1112
1255
1285
1293
1228
1118
956
820
715
682
632
680
625
614
653
620
678
786
816
787
820
862
871
933
1098
1298
1429
1558
1736
1944
2104
2159
2253
2332
2295
2295
2251
2279
2293
2391
2527
2666
2831
2853
2787
2669
2556
2517
2436
2401
2435
2385
2348
2394
2520
2722
2966
3047
3158
3316
3497
3613
3693
3758
3737
3740
3724
3610
3516
3399
3318
3185
3062
2855
2663
2578
2433
2178
1925
1584
1291
980
793
638
398
132
-138
-462
-661
-906
-1152
-1439
-1693
-1869
-2105
-2380
-2631
-2840
-3046
-3145
-3250
-3411
-3511
-3533
-3400
-3301
-3285
-3132
-2952
-2828
-2650
-2556
-2408
-2171
-2030
-1826
-1725
-1609
-1567
-1554
-1569
-1678
-1876
-2099
-2177
-2186
-2289
-2391
-2485
-2506
-2399
-2191
-1924
-1779
-1660
-1465
-1300
-1145
-942
-699
-415
-113
214
591
825
1082
1363
1698
1964
2283
2629
2901
3038
3110
3040
3023
3051
3069
3082
3059
2964
2895
2838
2726
2509
2311
2154
2018
1931
1844
1778
1616
1408
1265
1052
916
714
584
513
530
657
680
748
799
922
930
916
828
698
583
474
326
224
185
237
282
409
486
589
753
833
846
766
600
375
269
254
276
312
326
306
319
327
293
150
65
-21
-23
46
159
160
268
416
447
540
710
831
940
917
987
957
975
1055
1225
1436
1677
1888
2064
2196
2320
2431
2465
2529
2672
2810
2798
2864
2847
2910
2865
2709
2570
2453
2281
2198
2004
1843
1675
1576
1366
1186
1106
970
771
610
374
142
-149
-507
-702
-782
-727
-563
-370
-144
117
426
727
987
1144
1246
1324
1333
1374
1474
1454
1465
1455
1487
1521
1438
1423
1423
1343
1179
1036
922
706
593
539
548
507
462
326
221
176
83
-13
6
53
162
193
281
344
439
510
629
738
848
906
860
805
686
499
305
143
-31
-209
-368
-529
-604
-737
-854
-1018
-1065
-1027
-866
-759
-595
-327
13
251
503
663
740
850
911
999
1087
1109
1051
1032
926
805
788
753
693
666
735
774
776
820
799
782
737
772
723
680
713
761
836
1005
1127
1187
1296
1390
1552
1575
1602
1574
1550
1623
1701
1715
1784
1748
1665
1663
1736
1701
1554
1490
1446
1283
1187
1029
807
663
456
223
-52
-204
-280
-445
-637
-744
-726
-706
-772
-729
-753
-767
-677
-580
-372
-162
33
167
380
548
597
672
794
917
1065
1262
1527
1708
1912
2050
2068
2003
1966
1981
1881
1751
1603
1341
1172
1030
930
744
615
603
680
662
543
371
262
203
175
173
219
188
243
238
159
129
24
-60
-231
-308
-321
-227
-64
130
239
326
325
238
72
-94
-231
-266
-273
-266
-218
-198
-272
-279
-181
-113
20
198
383
521
660
746
889
1071
1301
1405
1528
1636
1806
1954
2154
2337
2529
2745
2968
3090
3167
3282
3374
3522
3566
3528
3559
3620
3685
3608
3484
3241
3047
2733
2349
1928
1425
1074
814
660
606
574
578
679
855
902
833
716
561
459
439
391
299
127
28
-122
-183
-226
-181
-100
-120
-194
-199
-195
-235
-269
-207
-46
96
206
190
149
64
72
31
-129
-323
-457
-559
-613
-737
-739
-725
-815
-869
-1023
-1089
-1240
-1430
-1571
-1665
-1764
-1937
-2085
-2151
-2106
-1949
-1795
-1585
-1321
-1165
-1128
-1046
-858
-691
-577
-533
-601
-722
-746
-699
-733
-734
-821
-951
-977
-900
-754
-647
-532
-384
-170
-71
4
98
196
211
312
486
627
836
909
994
1160
1338
1386
1388
1481
1452
1430
1402
1409
1405
1428
1452
1354
1223
1014
874
757
740
772
809
779
733
657
620
583
507
501
391
213
-21
-334
-565
-867
-1144
-1284
-1285
-1336
-1337
-1232
-1209
-1153
-1108
-1010
-813
-654
-578
-418
-331
-263
-128
30
61
180
318
383
455
446
528
517
594
714
863
1034
1060
1133
1210
1188
1176
1059
1002
994
1072
1201
1366
1549
1699
1760
1750
1824
1960
2014
2058
2181
2200
2279
2213
2046
1870
1589
1364
1098
917
640
462
295
230
286
405
560
683
760
777
732
677
618
446
240
-51
-207
-421
-697
-970
-1136
-1218
-1173
-1013
-777
-480
-112
312
704
960
1124
1347
1450
1468
1364
1152
1003
751
444
224
108
-115
-315
-596
-905
-1157
-1306
-1493
-1673
-1827
-1857
-1978
-2071
-2076
-2086
-2084
-1967
-1941
-1884
-1890
-1986
-2118
-2289
-2470
-2640
-2848
-2941
-3089
-3165
-3152
-3075
-3030
-2912
-2805
-2590
-2474
-2394
-2267
-2181
-2085
-2083
-2025
-2037
-2099
-2047
-2099
-2037
-1855
-1598
-1328
-1028
-755
-458
-306
-153
-45
39
151
246
205
80
-59
-153
-351
-513
-723
-880
-1057
-1293
-1431
-1472
-1382
-1290
-1108
-1009
-894
-859
-883
-827
-813
-714
-608
-493
-335
-247
-99
-38
-69
-7
30
33
-67
-135
-187
-172
-146
-34
-26
63
59
147
187
122
-15
-101
-108
-210
-392
-549
-600
-569
-560
-638
-727
-798
-924
-1026
-1221
-1439
-1658
-1929
-2149
-2311
-2456
-2554
-2538
-2537
-2471
-2442
-2340
-2300
-2222
-2077
-1890
-1620
-1253
-874
-631
-305
28
356
695
918
1122
1319
1504
1558
1632
1732
1899
2112
2268
2347
2436
2374
2271
2176
2054
2001
1924
1867
1738
1628
1605
1526
1521
1602
1656
1729
1800
1946
2032
2106
2255
2261
2147
2082
1996
1912
1753
1671
1501
1272
1161
1087
988
997
941
926
986
968
933
839
820
786
672
514
286
186
88
-30
-176
-321
-430
-572
-749
-929
-1130
-1292
-1532
-1677
-1812
-1875
-1978
-2021
-2011
-1884
-1805
-1708
-1577
-1462
-1419
-1293
-1282
-1296
-1405
-1518
-1725
-1826
-1869
-1810
-1783
-1700
-1600
-1471
-1307
-1118
-1024
-916
-923
-1048
-1262
-1437
-1497
-1445
-1464
-1520
-1541
-1650
-1742
-1739
-1627
-1477
-1387
-1396
-1386
-1340
-1272
-1293
-1376
-1524
-1689
-1730
-1756
-1650
-1468
-1370
-1230
-1142
-946
-833
-648
-390
-210
-139
-157
-239
-260
-311
-311
-332
-267
-316
-354
-423
-449
-539
-556
-599
-546
-540
-633
-622
-669
-662
-736
-801
-940
-1075
-1115
-1189
-1138
-1015
-944
-903
-755
-579
-393
-197
1
157
385
626
808
950
972
1052
1126
1086
965
728
488
329
215
-1
-195
-393
-546
-785
-1082
-1332
-1594
-1857
-2008
-2170
-2312
-2415
-2516
-2645
-2729
-2658
-2475
-2205
-1917
-1537
-1159
-767
-358
-78
268
582
777
1036
1204
1273
1342
1376
1275
1074
955
879
854
828
887
1005
1074
1097
