# Type_LB L3 tone part: sum_j AMP[j]*cos(2*pi*FRQ[j]*t + PHA[j])
# GENERATED by tools/gen_avas_type_lb_lines.py -- DO NOT EDIT
# source=type_lb  fs=48000  n=342016  dur=7.125333 s  t0=0.213 t1=7.339
# f0=27.5326 Hz  spacing=27.5326 Hz  search 15.0-12000 Hz
# 264 oscillators (ALL detected -- L3 is not truncated; L4/L5/L8 take the top 64)
# peak_abs=0.631084  peak of the full sum over 60 s of running time (AK's convention; 0.499924 over the first second, rms 0.190267).
#   READ BY tools/avas_type_ty_fixed_model.py -- it is what the output level is normalised against.
# FRQ_Hz  AMP  PHA_rad, frequency ascending
34.7508233977 1.620085914480e-03 8.1001154736
49.8101023383 2.992229710804e-03 10.6676807910
50.7613901175 2.554396830916e-03 9.0870986407
51.2836426394 3.413463557813e-03 11.6373788214
51.9686083522 4.754311539229e-03 14.5835566516
52.6850982467 6.500582324661e-03 17.2003765591
53.4761975322 7.309675427708e-03 18.2268293364
53.9974688417 1.561863307194e-02 24.6670191019
54.2840901682 1.871491226183e-02 26.2103521730
54.5782484979 4.120057858715e-02 32.9686091344
54.9242503502 2.595654169645e-01 49.0437512440
55.2360244577 4.056674497685e-02 32.8741430903
55.4954705439 3.244307539921e-02 30.8929831528
55.8182296154 2.300185787932e-02 27.7926502182
56.4308489243 1.118002260387e-02 21.4646439608
56.7621041103 9.314470006960e-03 19.7867263145
57.3331202623 5.959252929679e-03 15.8046530643
57.9744731872 2.586898654368e-03 8.4804299063
58.6580607645 2.805506558545e-03 9.0405934580
59.2741773735 2.467030172195e-03 7.8501745345
59.9043836359 2.355145181944e-03 7.2285870211
60.7999015817 2.369009108305e-03 7.0304009376
74.4053323906 1.918632627836e-03 6.6043608418
76.6855893720 1.884670485313e-03 7.6303904277
77.2360810325 2.460695599038e-03 10.2043292134
79.5051369852 1.577453587285e-03 7.5751836320
80.7325692379 2.037676964035e-03 10.2257807685
81.4085721560 2.572939472038e-03 12.5255300212
82.2322219921 5.641973334097e-03 19.3455592126
82.5447883705 7.784137130834e-03 22.1411481919
82.8631772773 2.291551356600e-03 11.6649036196
83.2039709784 1.540642809018e-03 8.3434317391
107.2037326213 1.759154657252e-03 10.6430576689
107.4807774372 1.764464781123e-03 10.6899767538
108.4692328276 3.930624071873e-03 17.6931319984
108.9870509182 3.249646668519e-03 15.9614183726
109.3060206519 9.925555793825e-03 25.6106003295
109.5935325500 6.785697566551e-03 22.2972528861
109.9072474959 2.972695423317e-02 35.1150655197
110.5601263532 7.257132956931e-03 22.9107455317
111.0934045628 6.108151748192e-03 21.4802668614
111.4311131027 3.221830282470e-03 15.9241236866
111.7578362710 1.294818183912e-02 27.9493845847
112.3500776918 2.406381887312e-02 33.2360537778
112.8898144111 4.061766822497e-03 17.6449537889
113.2428395111 2.895969663723e-03 14.6216424004
113.5965287943 2.200697050855e-03 12.2587026735
113.8625417296 2.160724915003e-03 12.0706474721
114.1760555336 1.549213081997e-03 9.1598737930
114.4912765739 1.541587034225e-03 9.1170116594
136.6869403831 2.786066344501e-03 11.6571838161
137.2621783742 2.771083081757e-03 11.6870663534
137.6518777748 5.874505113755e-03 18.1500914221
138.5457803306 1.877819967203e-03 8.1359374565
139.7063008550 1.810536698446e-03 7.6092837121
140.0797307009 2.748994680038e-03 11.2366150573
140.6022872346 2.509300664499e-03 10.4441911019
140.9294555868 1.638384215099e-03 6.6064539497
141.5602582674 2.048224840478e-03 8.4203760811
142.7745727107 2.389108242949e-03 9.2381337750
143.6935665681 2.514547036485e-03 9.1413332937
144.2616715628 4.236591182728e-03 13.4042826920
144.9245323363 3.268184786809e-03 10.8000186659
145.2688111626 2.920278976478e-03 9.7056247489
146.1083307532 6.737716846836e-03 16.6293142740
146.9183008176 4.007704314087e-03 11.7969669330
147.1900283407 4.367102333224e-03 12.3999755451
148.0584322276 2.924804251561e-03 8.6328866415
150.4285579086 2.675152288544e-03 6.5473394364
151.1144927572 3.093407570350e-03 7.6821348728
151.3751973731 4.560361044377e-03 11.0533765358
162.4559830667 2.388174263716e-03 7.3510806504
162.9447927365 2.712151077954e-03 8.6116807082
163.5360379061 2.959448541845e-03 9.4832750181
163.8635194480 3.085954612901e-03 10.0156502255
164.3819827168 9.025611132165e-03 19.4588333101
164.8458550125 2.680246247145e-02 29.0616028865
165.1892205244 1.992320180026e-02 26.6513757490
166.3111250110 5.187486614528e-03 15.3992343349
166.6714654044 5.038931932230e-03 15.2314556371
167.2043146923 3.242443828777e-03 11.6021407557
168.1467325333 1.708378964917e-02 26.3692561533
168.5212545338 1.365864642023e-02 24.5383036672
169.2185635338 2.967686003179e-03 11.5482048427
169.5486389893 3.796143524347e-03 13.7212783745
170.0249639088 2.411451184343e-03 9.9206196999
173.8191185063 1.547311202490e-03 6.4646676622
192.6614849331 1.540952545828e-03 8.7437884014
209.4999446967 1.757772208511e-03 6.1990716691
213.0755649374 3.327846788797e-03 12.3012464926
213.4100889600 2.875672174928e-03 11.1002413596
213.6772521827 3.284809892584e-03 12.1861131690
214.0121712756 2.730309976947e-03 10.6496929770
214.5622852566 3.931085015140e-03 13.8784670620
214.8847863259 7.306212076305e-03 19.2960246635
215.2012643954 7.722906309160e-03 19.8120118847
215.4950589889 6.557681560396e-03 18.5055875726
215.8500951895 3.878841685250e-03 14.0308290182
216.4174909592 3.660588430303e-03 13.5594664370
216.7257490136 9.130316765450e-03 21.4981652846
217.0053595762 6.654367924726e-03 18.7505845751
217.3395383713 1.567997716452e-02 26.1953568995
217.7246539306 6.704782486133e-03 18.8161422463
218.5473582542 1.401776523007e-02 25.2220240248
218.8233292264 1.970339088098e-02 28.3501316354
219.1772133754 3.781721999575e-02 34.1018709604
219.4310323646 1.843326821949e-02 27.8601258100
219.7439187626 2.862372032768e-02 31.6826005584
220.0699691706 2.665948692564e-02 31.0651146995
220.3611319668 2.628171808688e-02 30.9411540101
220.6849976037 2.991577778209e-02 32.1993156259
221.2706393224 8.855273316758e-03 21.6630747671
221.6108819222 4.589926836761e-03 15.9109626672
221.9204309802 9.831573602360e-03 22.4910453020
222.4595051757 6.852657208776e-03 19.5667966860
223.1673944400 2.842521011994e-03 12.1493955009
223.5814312087 2.276887171683e-03 10.2221520316
223.9179479762 4.643253387531e-03 16.5915831026
224.4543534049 2.524728183266e-03 11.5373133882
224.8096718100 2.899921790982e-03 12.8480562542
225.1964074410 3.443311677442e-03 14.5358549183
225.4841533265 1.620931827731e-03 8.0358590856
225.7526313478 1.555237652649e-03 7.7048099351
274.7684717647 2.951005724263e-03 13.6357126773
275.1044738650 1.787867143811e-03 9.2410573486
275.4110464210 2.379060432706e-03 11.5385047062
286.2172015028 1.745631020436e-03 7.5601704904
288.0628638240 1.726958402859e-03 7.6399372077
288.9335736177 2.071915375616e-03 9.2217399365
289.2252084771 2.278761105836e-03 10.0482756355
289.5883417451 2.691243573260e-03 11.5139513128
290.1498682713 1.657764214181e-03 7.3408029604
290.4916771667 1.616784117122e-03 7.0749510072
290.8651722399 2.735410082628e-03 11.6907966206
292.0110144663 3.269687083816e-03 13.2506592798
292.3286744878 6.491992644377e-03 19.1979081347
292.6589552003 3.378275427739e-03 13.5525578891
293.2328196392 6.326055605052e-03 19.0660900387
293.5362502895 6.880222958331e-03 19.8116878666
294.1586836710 7.876297557853e-03 20.9473123791
294.4614222597 7.366178483924e-03 20.3882746929
295.2855895939 5.174203587332e-03 17.3827535216
295.6547130087 6.282670162013e-03 19.0225228253
295.9711253106 3.321288919998e-03 13.3886761867
296.2848915179 3.781047632845e-03 14.5147860245
296.5911769284 5.014577674297e-03 16.9672303094
296.9345361793 2.192568800233e-03 9.7977214009
297.2175119959 2.162666035083e-03 9.7132750927
298.0945196900 3.350369927861e-03 13.5227253181
298.4035808086 2.404418079370e-03 10.6336855970
299.0191209175 1.666727726132e-03 7.4391387639
299.3352566995 2.728603813610e-03 11.7206551996
322.4139232691 1.779267102210e-03 7.9762853222
322.6824015764 1.908644508250e-03 8.6340727960
323.4537965244 1.561636178847e-03 6.9558642628
323.9274994185 2.411606520902e-03 10.7303960159
325.2749769224 1.890249943334e-03 8.5851533779
325.7117203770 1.859308667892e-03 8.3570481828
326.4193823927 2.516098631710e-03 10.9399885363
326.6886785683 2.510920920401e-03 10.8725782110
327.2262387734 3.217974945689e-03 13.0684349968
327.8296531775 6.341389927171e-03 18.7934464917
328.1288468846 5.680197245356e-03 17.7569722174
328.8428266368 6.214673627253e-03 18.5017384121
329.0137270817 6.237456246227e-03 18.5335221369
329.4419787611 1.236994279916e-02 24.3473588953
330.3314020145 1.771598351528e-02 27.4215505604
330.6384545231 1.474540143831e-02 25.8912699736
330.9673470175 2.923136991048e-02 31.7712285860
331.2624032823 3.596479558291e-02 33.5638836477
332.1755323872 1.360693473063e-02 25.0749266363
332.8138960957 7.033967883901e-03 19.3437282259
333.0661451182 5.877283423818e-03 17.7823511715
333.3988341077 3.667855735236e-03 13.6861993278
333.6972529218 2.933391421592e-03 11.7083541538
334.0363830738 2.080810716863e-03 8.7223881829
334.2871697824 2.212525556368e-03 9.2059681024
335.0045146815 1.856726761735e-03 7.6342275727
346.5775606853 1.619566672725e-03 7.2813848772
364.7226980595 1.600246824115e-03 8.8332201598
365.0810678013 1.633923545677e-03 9.0420351604
365.3789104282 1.900370118970e-03 10.3045036776
366.2740315480 1.779457628668e-03 9.8460683181
367.0440924938 1.642580235375e-03 9.3063899414
367.5135918797 1.577884992381e-03 9.0422552492
371.0769028365 1.715661000554e-03 10.4607731604
371.5014144194 3.443724581042e-03 16.5913365688
436.5535378934 1.595268651838e-03 11.6080122780
437.2116156436 1.831633198201e-03 12.8081057859
437.7194549041 2.400584482904e-03 15.0216076417
438.6538853772 2.395265962948e-03 15.1265667510
440.2095210326 6.837103987510e-03 24.0145278876
440.5157983198 4.408993654447e-03 20.0698728040
440.7894420692 3.848153224763e-03 18.9884621979
441.0734921926 2.509542368272e-03 15.0849811560
441.9778230363 2.271552621686e-03 14.1561600836
442.7020793009 2.097315267353e-03 13.3142834818
443.5320444469 1.730939845663e-03 11.6720423222
443.7288940306 1.585540470355e-03 10.9099494494
445.7984671286 1.559503283826e-03 10.4665878504
470.3651547166 1.632298656230e-03 10.2293861505
470.6898156938 2.115947922946e-03 12.5040883630
470.9523486414 1.635489952407e-03 10.2950238917
471.2590185777 2.426172912294e-03 13.7205012762
472.4678916246 1.640094300010e-03 10.2071229411
473.4151397333 2.227828721267e-03 12.6829844786
473.6897162289 1.794070885564e-03 10.8021404761
474.9638545983 1.809563827542e-03 10.8052759852
475.5062210248 1.832668832652e-03 10.7898767714
497.6675757708 1.764182791637e-03 10.3126611996
498.2883239640 2.626049895936e-03 13.8576681680
589.5229181911 1.841010334036e-03 14.4836873242
591.0531301918 1.586456795901e-03 13.5476798180
934.8556027374 1.983868114121e-03 11.7238428718
938.2597749913 1.632070904471e-03 9.8573770394
941.6060324626 2.093936147723e-03 11.7952950045
943.1642020208 1.659437133488e-03 9.7735312015
943.4592418456 2.580402520734e-03 13.5531946475
944.3606468081 1.687133594001e-03 9.6525242732
946.8495451875 1.576515622702e-03 8.6656876891
952.0452821618 1.739434755276e-03 9.4882944768
964.0047279930 1.788349167770e-03 9.5831951316
976.3237303815 1.919584865255e-03 7.2084750287
977.2404950986 1.966515145701e-03 7.1320798270
978.7544074521 2.989757814576e-03 10.1745628938
982.1529811028 3.808014609041e-03 10.7897469009
983.0553921593 3.236081803902e-03 9.2233729066
984.8882446851 3.002755952181e-03 8.3264779306
985.2236493279 3.380398776204e-03 9.3057891086
985.8184788744 4.641136783849e-03 11.6457588570
986.1336114285 3.618315425839e-03 9.4683047531
986.4256968870 2.730918654897e-03 6.9270853896
986.7499269176 3.312566626513e-03 8.5236996800
987.6787508914 3.169193741964e-03 8.0158424623
988.5713493222 3.294783569626e-03 8.1116012276
989.2095234873 3.304321375510e-03 8.0484692655
989.4844560932 4.430587325395e-03 10.5388853462
989.8267211464 5.029615527870e-03 11.5347400347
990.0723171624 2.754147477964e-03 6.2795169330
990.4359347895 2.829241550667e-03 6.3980876495
991.0293951240 3.685462754575e-03 8.5978532785
991.3202408025 3.321285689626e-03 7.6901741430
991.6384624728 3.321466727840e-03 7.6760985380
992.5807269019 4.039380068121e-03 9.3757947746
993.2496170136 3.341958195760e-03 7.5349361565
993.4507977926 3.033970509807e-03 6.6951429982
993.8091617441 5.901273397452e-03 12.4553699458
994.1117625956 3.119144673979e-03 6.9171656175
994.7395626607 4.359263178749e-03 9.8247170224
996.5970185391 3.450994238738e-03 7.8699620539
998.1208317899 3.457405184144e-03 7.9410251813
999.6534530481 3.750012628417e-03 8.7923096108
1001.4914078335 2.679498462866e-03 6.0408433384
1005.5247991928 2.320234575917e-03 6.1430620206
1008.8517200517 2.481198600101e-03 8.3404972363
1009.7777346802 2.811058398901e-03 9.9180580240
1010.0919034701 2.752308647957e-03 9.8204274843
1010.7098009187 1.883734599451e-03 6.8228553438
1011.0000829816 2.334877060198e-03 8.7550392882
1011.6260879018 1.767389244973e-03 6.5940319591
1012.8748248737 1.792944839907e-03 7.3078386816
1013.1322440252 1.869450692724e-03 7.7147513186
1013.7739907091 1.554004444422e-03 6.3919888678
1121.8295163333 1.783463594604e-03 15.6471440735
